0.0280
0.3723
0.9088
0.3630
0.2061
0.3235
0.5573
0.7245
0.6100
0.8646
0.8628
0.0873
0.5518
0.3979
0.0036
0.4028
0.6800
0.2848
0.3836
0.2120
0.3002
0.8881
0.9446
0.0483
0.8881
0.9446
0.0483
0.5531
0.5233
0.8147
0.7985
0.8188
0.9996
0.6141
0.0658
0.6582
0.1535
0.5959
0.4856
0.9413
0.7349
0.0255
0.5341
0.4678
0.0112
0.7425
0.3652
0.2192
0.7425
0.3652
0.2192
0.4023
0.0299
0.5603
0.6253
0.9565
0.4142
0.3958
0.4030
0.5051
0.6470
0.2627
0.8398
0.2432
0.1342
0.7153
0.3199
0.0062
0.6535
0.3021
0.0761
0.6611
0.3021
0.0761
0.6611
0.6418
0.7613
0.5956
0.6605
0.5791
0.8557
0.3978
0.5911
0.2217
0.2405
0.4709
0.9121
0.0890
0.9148
0.7523
0.7180
0.9832
0.8094
0.8844
0.3935
0.9774
0.8844
0.3935
0.9774
0.2452
